30 17 100
1 1 1 1 1 1 1 1 1 1 1 1 1 1 1 1 1 1 1 1 1 1 1 1 1 1 1 1 1 1
1 0 0 0 0 0 0 0 0 1 0 0 0 0 0 0 0 1 0 0 0 0 0 0 0 1 0 0 0 1
1 0 0 0 0 0 0 0 0 1 0 0 0 0 0 0 0 1 0 0 0 0 0 0 0 1 0 0 0 1
1 0 0 0 0 0 0 0 0 1 0 0 0 0 0 0 0 1 0 0 0 0 0 0 0 1 0 0 0 1
1 0 0 0 0 0 0 0 0 1 0 0 0 1 0 0 0 4 0 0 0 1 0 0 0 1 0 0 0 1
1 0 0 0 1 1 0 0 0 1 0 0 0 1 0 0 0 1 0 0 0 1 0 0 0 5 0 0 0 4
1 0 0 0 1 1 0 0 0 1 0 0 0 2 0 0 0 1 0 0 0 1 0 0 0 1 0 0 0 1
1 0 0 0 1 5 0 0 0 1 0 0 0 1 0 0 0 4 0 0 0 1 0 0 0 1 0 0 0 1
1 0 0 0 1 1 0 0 0 1 0 0 0 1 0 0 0 1 0 0 0 1 0 0 0 5 0 0 0 1
1 0 0 0 1 1 0 0 0 1 0 0 0 1 0 0 0 1 0 0 0 2 0 0 0 1 0 0 0 2
1 0 0 0 1 1 0 0 0 1 0 0 0 1 0 0 0 1 0 0 0 1 0 0 0 1 0 0 0 1
1 0 0 0 1 1 0 0 0 1 0 0 0 1 0 0 0 1 0 0 0 1 0 0 0 5 0 0 0 1
1 0 0 0 5 1 0 0 0 1 0 0 0 1 0 0 0 1 0 0 0 2 0 0 0 1 0 0 0 1
1 0 0 0 1 1 0 0 0 0 0 0 0 1 0 0 0 0 0 0 0 1 0 0 0 0 0 0 0 4
1 0 0 0 1 1 0 0 0 0 0 0 0 1 0 0 0 0 0 0 0 1 0 0 0 0 0 0 0 1
1 0 0 0 1 1 0 0 0 0 0 0 0 1 0 0 0 0 0 0 0 1 0 0 0 0 0 0 0 1
1 1 1 1 1 1 1 1 1 1 1 1 1 1 1 1 1 1 1 1 1 1 1 1 1 1 1 1 1 1
Target 1 13 3 3 20
NormalSpawner 26 1 3 3 45 53 20
SmallerSpawner 26 1 3 3 30 263 30
TankerSpawner 26 1 3 3 60 563 30
BossSpawner 26 1 3 3 90 663 10
